id,chunk_text,embedding,metadata,created_at
184dfeb8-1c66-4380-9d43-a5d27950853f,"ANÁLISE DE CORRELAÇÕES E RELACIONAMENTOS - DATASET: CREDITCARD_7E30850A

MATRIZ DE CORRELAÇÃO (Primeiras 15 colunas numéricas):
               V1            V2            V3            V4            V5            V6            V7            V8            V9           V10           V11           V12           V13           V14           V15
V1   1.000000e+00  4.135835e-16 -1.227819e-15 -9.215150e-16  1.812612e-17 -6.506567e-16 -1.005191e-15 -2.433822e-16 -1.513678e-16  7.388135e-17  2.125498e-16  2.053457e-16 -2.425603e-17 -5.020280e-16  3.547782e-16
V2   4.135835e-16  1.000000e+00  3.243764e-16 -1.121065e-15  5.157519e-16  2.787346e-16  2.055934e-16 -5.377041e-17  1.978488e-17 -3.991394e-16  1.975426e-16 -9.568710e-17  6.295388e-16 -1.730566e-16 -4.995814e-17
V3  -1.227819e-15  3.243764e-16  1.000000e+00  4.711293e-16 -6.539009e-17  1.627627e-15  4.895305e-16 -1.268779e-15  5.568367e-16  1.156587e-15  1.576830e-15  6.310231e-16  2.807652e-16  4.739859e-16  9.068793e-16
V4  -9.215150e-16 -1.121065e-15  4.711293e-16  1.000000e+00 -1.719944e-15 -7.491959e-16 -4.104503e-16  5.697192e-16  6.923247e-16  2.232685e-16  3.459380e-16 -5.625518e-16  1.303306e-16  2.282280e-16  1.377649e-16
V5   1.812612e-17  5.157519e-16 -6.539009e-17 -1.719944e-15  1.000000e+00  2.408382e-16  2.715541e-16  7.437229e-16  7.391702e-16 -5.202306e-16  7.203963e-16  7.412552e-16  5.886991e-16  6.565143e-16 -8.720275e-16
V6  -6.506567e-16  2.787346e-16  1.627627e-15 -7.491959e-16  2.408382e-16  1.000000e+00  1.191668e-16 -1.104219e-16  4.131207e-16  5.932243e-17  1.980503e-15  2.375468e-16 -1.211182e-16  2.621312e-16 -1.531188e-15
V7  -1.005191e-15  2.055934e-16  4.895305e-16 -4.104503e-16  2.715541e-16  1.191668e-16  1.000000e+00  3.344412e-16  1.122501e-15 -7.492834e-17  1.425248e-16 -3.536655e-18  1.266462e-17  2.607772e-16 -1.690540e-16
V8  -2.433822e-16 -5.377041e-17 -1.268779e-15  5.697192e-16  7.437229e-16 -1.104219e-16  3.344412e-16  1.000000e+00  4.356078e-16 -2.801370e-16  2.487043e-16  1.839891e-16 -2.921856e-16 -8.599156e-16  4.127777e-16
V9  -1.513678e-16  1.978488e-17  5.568367e-16  6.923247e-16  7.391702e-16  4.131207e-16  1.122501e-15  4.356078e-16  1.000000e+00 -4.642274e-16  1.354680e-16 -1.079314e-15  2.251072e-15  3.784757e-15 -1.051167e-15
V10  7.388135e-17 -3.991394e-16  1.156587e-15  2.232685e-16 -5.202306e-16  5.932243e-17 -7.492834e-17 -2.801370e-16 -4.642274e-16  1.000000e+00 -4.622103e-16  1.771869e-15 -5.418460e-16  2.635936e-16  5.786332e-16
V11  2.125498e-16  1.975426e-16  1.576830e-15  3.459380e-16  7.203963e-16  1.980503e-15  1.425248e-16  2.487043e-16  1.354680e-16 -4.622103e-16  1.000000e+00  6.370789e-16  1.958377e-16  2.700918e-16  1.332323e-15
V12  2.053457e-16 -9.568710e-17  6.310231e-16 -5.625518e-16  7.412552e-16  2.375468e-16 -3.536655e-18  1.839891e-16 -1.079314e-15  1.771869e-15  6.370789e-16  1.000000e+00 -2.321486e-14  2.770714e-17 -1.360416e-15
V13 -2.425603e-17  6.295388e-16  2.807652e-16  1.303306e-16  5.886991e-16 -1.211182e-16  1.266462e-17 -2.921856e-16  2.251072e-15 -5.418460e-16  1.958377e-16 -2.321486e-14  1.000000e+00  2.161967e-15  1.388143e-16
V14 -5.020280e-16 -1.730566e-16  4.739859e-16  2.282280e-16  6.565143e-16  2.621312e-16  2.607772e-16 -8.599156e-16  3.784757e-15  2.635936e-16  2.700918e-16  2.770714e-17  2.161967e-15  1.000000e+00 -3.808118e-17
V15  3.547782e-16 -4.995814e-17  9.068793e-16  1.377649e-16 -8.720275e-16 -1.531188e-15 -1.690540e-16  4.127777e-16 -1.051167e-15  5.786332e-16  1.332323e-15 -1.360416e-15  1.388143e-16 -3.808118e-17  1.000000e+00

CORRELAÇÕES FORTES (|r| > 0.7):
  Nenhuma correlação forte detectada.


Este chunk apresenta a matriz de correlação completa entre variáveis numéricas e destaca correlações fortes (|r| > 0.7) indicando relacionamentos significativos entre variáveis.","[-0.0027663424,0.0015896937,-0.08497056,-0.055505227,0.029786335,-0.035869252,-0.08318644,0.07643282,0.013070779,-0.073731914,0.067206904,-0.044570655,-0.08199511,-0.009827812,-0.081639566,-0.12087737,-0.04233128,-0.073570296,0.030982852,0.031525597,0.020272914,0.0065528047,-0.08084902,0.0018771611,0.058053553,0.096922904,-0.027437929,0.08638241,-0.043450307,-0.11663127,0.01683965,0.060213443,0.112155244,0.020647278,0.031050157,-0.073939204,0.027429229,-0.027272873,0.03047632,0.044523988,0.008680633,0.006380431,0.0984485,-0.047405865,0.06300844,-0.047891423,-0.05958973,0.06603493,-0.0071755615,-0.01060999,0.02172366,0.06921469,-0.06188235,-0.033970483,-0.017918611,-0.07676044,-0.012607715,-0.079318695,0.069523335,0.0060940036,0.0429919,0.050570924,-0.0384976,0.01874815,-0.023096964,-0.02571678,0.045935646,-0.012136241,-0.034370147,-0.019911809,0.009521979,-0.01629916,-0.02456361,-0.043172866,-0.025998017,0.08188655,-0.005666497,-0.039090224,0.017259054,-0.070575856,-0.0054672207,-0.06656865,-0.01907102,-0.039785553,-0.0128983995,0.0026868312,0.039665528,-0.04329405,0.031213166,-0.046148777,0.029000534,0.07699128,0.054754123,0.03238164,-0.007966051,0.094035245,0.030506983,0.010152237,0.02398615,0.025489029,0.081033096,0.056799714,-0.04086811,0.02157857,0.0035410428,0.0645108,0.092238314,0.07566335,0.09309012,-0.038371675,-0.047810216,0.002374072,-0.034587048,-0.0763729,0.019418202,0.032859173,-0.034502238,0.0010534818,-0.025677912,0.069091596,0.10787725,-0.0773817,-0.059390556,0.03615868,-0.029058604,-0.016406342,-0.0046898755,1.3308581e-32,-0.012411234,0.021608338,0.06218947,-0.0948515,-0.028400246,0.017839877,-0.091064766,-0.013289719,-0.041531287,0.05166791,-0.11241501,0.022400538,-0.006547872,-0.04392468,0.021029899,0.011699055,0.008276459,-0.003619006,-0.041584883,0.003617925,-0.00098721,-0.009399893,0.054940496,0.0011785434,0.059439577,0.08625142,0.0071546123,0.007124611,0.017668357,0.007732252,0.06991496,-0.0024682567,-0.043868642,0.050388012,-0.04678909,0.028040215,0.01617601,-0.006139558,-0.042253304,0.06513899,0.04368884,0.025906421,-0.06143336,-0.016625395,0.015861072,-0.059660885,0.015269859,-0.019190488,0.029023632,0.10280053,-0.15254018,-0.0118407365,-0.045199126,-0.032893278,-0.039508466,0.023820236,-0.0072151367,0.055660743,0.059460416,-0.028924836,-0.04200315,0.0064771175,-0.06403666,-0.101047605,-0.0062018116,0.09386493,0.003000934,-0.08121897,-0.008257412,0.08396395,-0.011190676,0.009866874,0.034770682,-0.016177228,0.07356117,-0.027541712,-0.021100406,0.056789353,-0.053309985,0.0002633703,-0.13629752,0.012649622,0.022927126,-0.017734917,-0.043053474,0.04277891,-0.00996362,-0.0024110272,0.028477982,0.009344365,-0.06326555,0.052231394,0.005946157,-0.0326795,-0.022194328,-1.1738116e-32,-0.040632404,0.023296082,0.02394931,0.040369578,-0.04376077,-0.028598858,0.03038721,0.051122498,0.015606277,-0.02130626,0.091167994,-0.018970253,0.014713051,-0.017591212,0.09607921,0.10389101,-0.024823671,0.038212992,0.0019757703,-0.026170256,0.01586143,0.096337326,-0.023590853,0.040547453,0.0016147329,0.026576575,-0.013774493,-0.1323065,-0.03403336,-0.012273495,-0.017041525,-0.010670603,-0.048515636,0.139542,-0.08372144,0.005328339,0.012783963,0.058739822,-0.008147301,0.045894865,-0.033734128,0.06301125,-0.004724201,-0.06698756,-0.0029734652,-0.01787416,0.05604738,0.015844297,0.07457204,0.026855504,0.044955656,0.024669915,-0.10712341,0.09769156,-0.004485015,0.060110807,0.10460259,0.053108804,-0.06692768,-0.08104165,0.058148596,0.029975014,0.017136602,-0.025745237,0.08534741,0.0018973708,-0.08364319,-0.04782051,0.09267204,-0.03422229,0.01193729,-0.006660393,0.0142842,-0.02049693,-0.032088727,0.0018773386,-0.09637376,-0.012324782,-0.049422268,-0.009325637,-0.034539696,-0.023639306,0.040347278,0.04104419,-0.07970964,-0.024736939,0.054541323,-0.022335142,-0.0012398281,0.001993719,-0.028737208,0.07165995,0.0149014415,0.03951229,-0.021398166,-6.494897e-08,-0.015795402,-0.048469722,-0.046936218,0.06087656,0.090472125,0.037451558,-0.022408798,0.021766914,-0.028806932,-0.008004691,0.1221135,-0.017770683,-0.01947922,-0.0755945,0.0062273173,-0.042350017,-0.051047422,0.029924732,-0.039774973,-0.015459427,0.04240827,0.03940267,-0.013342845,-0.051282704,0.013233309,-0.03984007,0.005003333,0.08165898,0.011343897,-0.014299165,-0.044882327,0.04483338,0.06638381,-0.11518891,0.018701706,0.045861665,0.050660644,0.07484677,-0.04752395,0.029873295,-0.013568508,-0.029761266,-0.086173505,-0.008370018,0.09701378,-0.06471826,0.009577032,-0.009831454,0.111154,-0.070451126,-0.039514787,-0.004405495,-0.019434761,0.029578026,0.025942136,-0.09105088,-0.06532479,-0.0015522477,-0.05003227,-0.057076864,0.10131954,-0.032741908,0.06828481,-0.074723095]","{""model"": ""all-MiniLM-L6-v2"", ""topic"": ""correlations_relationships"", ""source"": ""creditcard_7e30850a"", ""provider"": ""sentence_transformer"", ""strategy"": ""csv_row"", ""char_count"": 3802, ""chunk_type"": ""metadata_correlations"", ""created_at"": ""2025-10-20T17:52:59.190496"", ""dimensions"": 384, ""word_count"": 302, ""chunk_index"": 4, ""source_type"": ""csv"", ""raw_dimensions"": 384, ""processing_time"": 0.14491419999831123}",2025-10-20 20:52:59.462418+00
27ca1e2f-3efa-419d-8cb7-f2492d488797,"ANÁLISE DE FREQUÊNCIA E DETECÇÃO DE OUTLIERS - DATASET: CREDITCARD_7E30850A

VALORES MAIS FREQUENTES (TOP 5) POR COLUNA:

Class:
  • 0: 284315 (99.83%)
  • 1: 492 (0.17%)


OUTLIERS DETECTADOS (Método IQR - 1.5×IQR):
  • V1: 7062 outliers (2.48%)
    Intervalo normal: [-4.27, 4.67]
  • V2: 13526 outliers (4.75%)
    Intervalo normal: [-2.70, 2.91]
  • V3: 3363 outliers (1.18%)
    Intervalo normal: [-3.77, 3.90]
  • V4: 11148 outliers (3.91%)
    Intervalo normal: [-3.24, 3.13]
  • V5: 12295 outliers (4.32%)
    Intervalo normal: [-2.65, 2.57]
  • V6: 22965 outliers (8.06%)
    Intervalo normal: [-2.52, 2.15]
  • V7: 8948 outliers (3.14%)
    Intervalo normal: [-2.24, 2.26]
  • V8: 24134 outliers (8.47%)
    Intervalo normal: [-1.01, 1.13]
  • V9: 8283 outliers (2.91%)
    Intervalo normal: [-2.50, 2.46]
  • V10: 9496 outliers (3.33%)
    Intervalo normal: [-2.02, 1.94]


Este chunk identifica valores mais frequentes em colunas categóricas (extraídos do metadata_extractor) e detecta outliers usando o método IQR (1.5×IQR) com estatísticas de prevalência.
","[0.022235839,-0.020652708,-0.03530069,0.019988572,-0.016130257,-0.042389218,-0.04853437,0.049246844,-0.00058370834,-0.08331266,0.063302174,-0.07906965,-0.045833718,-0.062644616,-0.023318255,-0.098787025,0.004477392,-0.054077473,-0.027939586,0.027474143,-0.00035338278,0.032036994,-0.050726816,0.014434596,-0.02150821,0.057799153,-0.0027925891,0.036930833,-0.04116323,-0.06187498,-0.010697497,0.12337403,0.12674318,0.020047732,-0.038333043,-0.08038451,0.06422399,0.00746214,0.06991217,0.016750263,-0.0298074,-0.03520269,0.1131251,-0.06409854,0.031615168,-0.03430406,-0.08323146,0.026106182,-0.0012965613,-0.020988151,-0.046686474,0.031078624,-0.021237742,-0.011590704,-0.054803744,0.001135594,0.0085398955,-0.10381656,0.08576345,0.008714449,0.052370716,0.062025618,-0.023116529,0.016252233,-0.011418315,-0.02115888,-0.022478051,0.031111263,0.02517215,0.03628198,0.059283633,-0.0069533684,-0.013039413,-0.00060749886,-0.013917891,0.10528998,-0.03500154,-0.0013476256,-0.006701947,-0.0458868,-0.0060435464,-0.054574307,0.03128274,-0.08184592,0.018367307,-0.03947404,0.04013277,-0.020673329,-0.04234142,-0.0029579236,0.08707671,0.15030886,-0.041168965,-0.044083755,0.023921296,0.034849547,-0.016380949,-0.015334779,0.054588784,0.016279265,0.07849252,0.013456531,-0.07518871,-0.026582886,0.030461015,0.044119805,0.12488476,-0.019353705,0.06837018,-0.042385183,-0.032953657,-0.022057384,0.0055888137,-0.1355592,0.013008191,0.08399127,0.0059640557,0.012372134,-0.04463815,0.08359037,0.041891802,0.0028592807,-0.030518798,-0.011258282,0.024745338,0.06597556,-0.026451075,1.5519527e-32,0.0056747952,-0.036873836,-0.011192887,-0.07883254,0.029664611,0.0016475146,-0.093170896,-0.022757724,0.0029434438,0.058747098,-0.025141822,-0.0072751427,-0.036021136,-0.040086444,0.062546834,0.022209315,0.05377793,-0.042627476,-0.05917865,0.002873806,0.036763586,-0.14793937,0.047212403,1.3513989e-05,0.020382088,0.111208156,0.022569701,-0.06462871,0.035608243,0.0049882648,0.04612069,0.039530348,-0.040199902,-0.0031219933,-0.043288484,-0.0040287273,0.034955062,0.0735714,-0.050469466,0.028413417,0.020179447,0.027794749,-0.0024556618,-0.0014111451,0.07546951,0.009180554,0.039493278,-0.051092323,0.06425586,0.104390636,-0.11885676,-0.06392038,-0.023590902,-0.001356206,-0.01742447,0.0037302943,-0.033668835,0.054750327,0.019621788,-0.046771243,-0.019022569,-0.032175176,-0.04268794,-0.0675746,-0.040011447,0.07256208,-0.039562173,0.01192562,-0.0032462971,0.09884875,0.03883211,-0.0033564076,-0.007763834,0.013763827,-0.0200714,0.02409669,-0.009743382,0.047423016,-0.02415655,-0.028965387,-0.09417089,0.03525907,0.03428752,-0.010360161,-0.012108379,0.08598351,0.08310535,-0.008429964,0.028691463,0.010747349,-0.08251524,0.03460295,-0.05717477,-0.049725786,0.013843444,-1.4585081e-32,0.03608018,0.06887733,-0.0076830825,0.00876691,-0.004060021,-0.019834867,-0.01677582,0.087023355,0.074345455,-0.023638291,-0.013270998,0.003759399,0.03887124,-0.036841657,0.035655394,0.029420393,0.02329345,-0.03530532,-0.024757622,-0.01971193,0.016958931,0.034378603,0.02239137,0.064293765,-0.0035591847,0.017493043,-0.10623374,-0.08217835,-0.07951477,-0.03599183,-0.053766932,0.019146498,-0.0036506178,0.070394576,-0.036110036,-0.035353865,-0.009566254,0.030492563,-0.03777851,0.091220275,0.003584475,0.067730114,-0.005773217,-0.06523672,-0.020683715,-0.0091508515,0.042112026,-0.029192068,-0.037365157,-0.026780201,-0.030379046,0.011184216,-0.07471465,0.116078034,0.01811761,0.07178498,0.07589118,-0.052007027,-0.110988654,0.031683877,0.04287103,0.060158372,-0.05564254,-0.016380357,0.13586336,-0.0048804358,-0.03463107,-0.0043714168,0.038594592,-0.007739916,0.04701909,-0.0132209845,-0.07342804,-0.036659896,-0.015312404,0.009852639,-0.085483,0.03162277,-0.00561855,0.031772304,-0.049180925,-0.043011725,0.036311354,0.04119088,-0.10091382,-0.0076737087,0.03283762,-0.06212129,-0.00850648,-0.01503666,-0.04290324,0.04248198,-0.031326115,-0.025434386,0.0126828225,-6.599505e-08,-0.06329721,-0.09877151,-0.028140757,0.021914735,0.090393715,0.024802607,-0.06600922,0.072387815,-0.051413894,-0.01775929,0.07902768,-0.05874676,-0.055026572,-0.079719655,0.0250312,-0.043887123,-0.007991098,0.07030281,-0.027637703,0.016018365,0.08934713,0.011088602,-1.8983377e-05,-0.05501213,-0.034584362,0.020990899,-0.0069147605,0.049711645,0.037641346,0.022609169,0.021449352,-0.045267418,0.09589004,-0.079979256,0.03042708,0.06803234,-0.029347733,-0.00045982667,-0.092464425,0.079690605,0.013413374,-0.087395184,-0.07063268,-0.01897806,0.026410691,-0.101923786,0.034976933,0.02372468,0.1523897,-0.05484061,-0.04202968,-0.015029209,0.042178642,0.03694541,0.01750771,-0.07051627,0.023589138,0.055744167,-0.057321478,-0.072136916,0.15223081,-0.042066712,-0.027035905,0.007807346]","{""model"": ""all-MiniLM-L6-v2"", ""topic"": ""frequent_values_outliers"", ""source"": ""creditcard_7e30850a"", ""provider"": ""sentence_transformer"", ""strategy"": ""csv_row"", ""char_count"": 1070, ""chunk_type"": ""metadata_frequency_outliers"", ""created_at"": ""2025-10-20T17:52:59.189495"", ""dimensions"": 384, ""word_count"": 146, ""chunk_index"": 3, ""source_type"": ""csv"", ""raw_dimensions"": 384, ""processing_time"": 0.2177774000010686}",2025-10-20 20:52:59.462418+00
28fb0ced-a78f-46d3-b30b-659be48cfc60,"ANÁLISE DE DISTRIBUIÇÕES E INTERVALOS - DATASET: CREDITCARD_7E30850A

ESTATÍSTICAS DESCRITIVAS (TODAS AS COLUNAS NUMÉRICAS):
COLUNA | MIN | MAX | MÉDIA | MEDIANA | DESVIO PADRÃO
--------------------------------------------------------------------------------
V1 | N/A | N/A | N/A | N/A | N/A
V2 | N/A | N/A | N/A | N/A | N/A
V3 | N/A | N/A | N/A | N/A | N/A
V4 | N/A | N/A | N/A | N/A | N/A
V5 | N/A | N/A | N/A | N/A | N/A
V6 | N/A | N/A | N/A | N/A | N/A
V7 | N/A | N/A | N/A | N/A | N/A
V8 | N/A | N/A | N/A | N/A | N/A
V9 | N/A | N/A | N/A | N/A | N/A
V10 | N/A | N/A | N/A | N/A | N/A
V11 | N/A | N/A | N/A | N/A | N/A
V12 | N/A | N/A | N/A | N/A | N/A
V13 | N/A | N/A | N/A | N/A | N/A
V14 | N/A | N/A | N/A | N/A | N/A
V15 | N/A | N/A | N/A | N/A | N/A
V16 | N/A | N/A | N/A | N/A | N/A
V17 | N/A | N/A | N/A | N/A | N/A
V18 | N/A | N/A | N/A | N/A | N/A
V19 | N/A | N/A | N/A | N/A | N/A
V20 | N/A | N/A | N/A | N/A | N/A
V21 | N/A | N/A | N/A | N/A | N/A
V22 | N/A | N/A | N/A | N/A | N/A
V23 | N/A | N/A | N/A | N/A | N/A
V24 | N/A | N/A | N/A | N/A | N/A
V25 | N/A | N/A | N/A | N/A | N/A
V26 | N/A | N/A | N/A | N/A | N/A
V27 | N/A | N/A | N/A | N/A | N/A
V28 | N/A | N/A | N/A | N/A | N/A
Amount | N/A | N/A | N/A | N/A | N/A


INTERVALOS (MIN-MAX) POR COLUNA:
  • V1: [N/A, N/A]
  • V2: [N/A, N/A]
  • V3: [N/A, N/A]
  • V4: [N/A, N/A]
  • V5: [N/A, N/A]
  • V6: [N/A, N/A]
  • V7: [N/A, N/A]
  • V8: [N/A, N/A]
  • V9: [N/A, N/A]
  • V10: [N/A, N/A]
  • V11: [N/A, N/A]
  • V12: [N/A, N/A]
  • V13: [N/A, N/A]
  • V14: [N/A, N/A]
  • V15: [N/A, N/A]
  • V16: [N/A, N/A]
  • V17: [N/A, N/A]
  • V18: [N/A, N/A]
  • V19: [N/A, N/A]
  • V20: [N/A, N/A]
  • V21: [N/A, N/A]
  • V22: [N/A, N/A]
  • V23: [N/A, N/A]
  • V24: [N/A, N/A]
  • V25: [N/A, N/A]
  • V26: [N/A, N/A]
  • V27: [N/A, N/A]
  • V28: [N/A, N/A]
  • Amount: [N/A, N/A]


QUARTIS E PERCENTIS (Primeiras 10 colunas):
  • V1: Q1=-0.92, Mediana=0.02, Q3=1.32
  • V2: Q1=-0.60, Mediana=0.07, Q3=0.80
  • V3: Q1=-0.89, Mediana=0.18, Q3=1.03
  • V4: Q1=-0.85, Mediana=-0.02, Q3=0.74
  • V5: Q1=-0.69, Mediana=-0.05, Q3=0.61
  • V6: Q1=-0.77, Mediana=-0.27, Q3=0.40
  • V7: Q1=-0.55, Mediana=0.04, Q3=0.57
  • V8: Q1=-0.21, Mediana=0.02, Q3=0.33
  • V9: Q1=-0.64, Mediana=-0.05, Q3=0.60
  • V10: Q1=-0.54, Mediana=-0.09, Q3=0.45


Este chunk contém distribuições estatísticas completas, intervalos (min-max), quartis e percentis de todas as variáveis numéricas, extraídas dinamicamente.
","[-0.013271317,0.0032542178,-0.046639506,-0.05497524,-0.061300468,-0.0555342,-0.078546435,0.078509204,0.02362838,-0.08724987,0.07128305,-0.059140198,-0.023637567,-0.034227986,-0.04150496,-0.061522353,-0.024494542,-0.0036279473,0.006288744,0.044747345,0.020420734,0.016439077,-0.05376994,-0.029730229,0.08615285,0.051532503,0.0009756995,0.056728516,0.0027891407,-0.091237046,0.045729633,0.098845735,0.16213104,-0.00015412684,0.0006061318,-0.05794099,0.021714821,-0.032223865,0.035550527,0.016273472,-0.089097634,-0.0038187804,0.037329815,-0.026896682,0.039909244,-0.0053933524,-0.0800969,0.099997595,-0.0021520054,0.054684646,-0.019724052,0.06750134,-0.073118836,0.00027983641,-0.02658985,-0.015800692,-0.023004869,-0.070945434,0.07439851,0.021900441,0.03554291,0.06888854,-0.0126612075,0.0236003,0.015401326,0.040246576,0.019996077,-0.013809166,-0.05277787,0.028209316,0.015113455,-0.045263648,-0.046099775,-0.02045063,0.0260469,0.04031698,-0.030737579,-0.019138793,-0.05769212,-0.062440027,-0.01807873,-0.043257546,-0.017203363,-0.0547779,-0.011483578,-0.03895332,0.015032642,0.03822215,0.020771578,-0.07194336,0.015242077,0.12237081,-0.05228503,-0.085422404,0.005535984,0.05696292,-0.054364964,0.02888313,0.05040735,0.058468416,0.042770054,0.039416257,-0.104129076,-0.08740797,-0.05582247,-0.005724776,0.08631779,0.05696751,-0.00435744,-0.015433549,-0.027229818,-0.016565498,-0.036139563,-0.08128984,0.02892351,0.03310057,0.003767781,-0.026802827,0.0279808,0.079544425,0.07369227,-0.045988478,-0.032846153,0.021471674,0.02169702,0.07205871,0.041922703,-2.2152445e-33,-0.070414335,-0.07769581,0.04603195,-0.037421852,-0.0045630755,-0.010852413,-0.040382173,-0.05404394,0.015407311,0.07839475,-0.047743265,0.05507619,-0.07853816,-0.112949684,0.07623807,-0.022832213,0.043324318,0.009344612,-0.07325132,-0.021957157,0.01646131,-0.11146183,0.065065116,0.037534866,0.05577362,-0.0031795276,0.03847596,-0.01582321,0.05486767,0.0063632545,0.013692014,0.00783203,-0.011858509,-0.0028560641,0.0021520026,0.01936961,-0.0032442387,0.062742576,0.0039603105,0.07209212,-0.010461578,0.053649608,0.021077082,-0.0677202,0.02114092,-0.030656397,0.028756775,-0.010147876,0.017560428,0.08393565,-0.07263061,-0.049349673,-0.016040977,-0.060564443,-0.018201338,0.051908504,-0.047895223,0.029746378,-0.031987753,-0.0067467336,-0.06578362,-0.032191847,-0.029430954,-0.06131385,-0.04569542,0.08670488,-0.03709515,-0.0188929,0.05675959,0.077450946,0.02594398,-0.035647415,0.0572519,0.020150714,0.040375277,-0.018421357,0.020265786,0.10878704,-0.047887664,-0.0067077237,-0.091038875,0.040608414,-0.007221573,0.0056741447,0.038960144,0.08769662,0.04444084,-0.023707805,-0.068695016,-0.06884973,-0.075894795,0.025434371,-0.03349491,-0.09751146,0.0856292,-1.1199632e-33,-0.013036794,0.047324058,0.032695632,0.059715763,-0.01049453,-0.048046358,-0.02677202,0.054878213,0.044820484,0.030228244,0.0073422682,0.02435657,-0.012480354,-0.07173389,0.0015818889,0.090768926,0.057811625,-0.1082994,0.0075366176,-0.033525836,0.016059712,0.08397389,0.060157456,0.082410514,-0.013332473,0.0012704931,-0.0652747,-0.037389137,-0.011904213,-0.07767144,-0.09371137,-0.075809106,0.0033394315,0.083938055,-0.050686073,-0.06562502,0.034049947,0.050516073,-0.059565067,0.056049928,0.009768265,0.038651183,-0.03540204,-0.039853,0.020909619,-0.017854746,0.07384775,-0.006682242,0.014100988,-0.03985621,0.02158829,0.031571757,-0.036661185,0.10538513,-0.0072408025,0.07454792,0.072076336,-0.036400538,-0.097384445,-0.015643472,0.04409146,0.05397441,-0.024929516,0.009662799,0.09316183,-0.02904664,-0.040897433,-0.049630344,-0.037579678,-0.043287694,0.07880387,0.0100918645,0.003978408,-0.024030369,-0.0346888,-0.058921788,-0.086673476,0.008809213,-0.0032831589,-0.011098466,-0.1443417,0.0036915138,-0.01673961,0.048703343,-0.06300837,0.006216634,0.019366119,-0.097569615,-0.011084426,0.048552565,-0.07620176,0.06397684,-0.010144636,-0.05212852,-0.050986897,-5.413945e-08,-0.024977906,-0.033499964,-0.088382475,-0.009305915,0.07483725,0.017895596,-0.04945374,0.04084911,-0.0027023165,-0.07065142,0.12832429,0.016734336,-0.039822772,-0.041621234,-0.06614113,-0.00407531,0.041312315,-0.0285586,-0.053536948,-0.018858392,0.064953096,0.027185794,-0.011429443,-0.024275996,0.015725361,-0.000229426,0.0003404005,0.073101595,0.07932627,-0.021491656,-0.0031706616,-0.03297567,0.08462295,-0.10874396,0.008330818,0.01800005,0.05662798,0.042285223,-0.08621024,0.022170153,0.022758456,-0.082701,-0.09237173,-0.013595393,0.038608726,-0.05446254,-0.008239306,0.009382753,0.107348666,-0.040584106,0.0055938726,-0.022200368,0.03988001,0.022111585,0.041504573,-0.11387743,0.039271828,0.012906071,-0.007784043,-0.03486496,0.072810285,0.009874825,-0.018311175,0.016629685]","{""model"": ""all-MiniLM-L6-v2"", ""topic"": ""distributions_intervals"", ""source"": ""creditcard_7e30850a"", ""provider"": ""sentence_transformer"", ""strategy"": ""csv_row"", ""char_count"": 2458, ""chunk_type"": ""metadata_distribution"", ""created_at"": ""2025-10-20T17:52:59.189495"", ""dimensions"": 384, ""word_count"": 540, ""chunk_index"": 1, ""source_type"": ""csv"", ""raw_dimensions"": 384, ""processing_time"": 0.10722680000253604}",2025-10-20 20:52:59.462418+00
68fb6b75-1c51-49d7-b602-b249c8e6bcda,"ANÁLISE DE PADRÕES TEMPORAIS E AGRUPAMENTOS - DATASET: CREDITCARD_7E30850A

ANÁLISE TEMPORAL:

Coluna temporal: Time
  • Período: 0.0 até 172792.0
  • Intervalo: 172792.0 unidades


AGRUPAMENTOS NATURAIS:

Class - 2 grupos distintos:
  • Grupo '0': 284315 registros (99.83%)
  • Grupo '1': 492 registros (0.17%)


Este chunk analisa a presença de padrões temporais (se existirem colunas de data/tempo) e identifica agrupamentos naturais baseados em colunas categóricas com distribuição de grupos.","[0.031963814,-0.021796351,-0.064651184,0.0036258062,-0.053965647,-0.020902839,-0.055408422,-0.0139635615,0.021492744,-0.076301545,0.109886445,-0.060547978,-0.07110599,-0.051909488,-0.02473949,-0.107122436,-0.040576432,0.0025166094,0.0088518625,0.027490556,0.0085870195,-0.038291898,-0.0064805583,0.04971765,0.013239331,0.056926683,-0.010534533,-0.0044011795,-0.008302932,-0.06849689,-0.008735743,0.11698153,0.21760543,0.04298767,-0.042698722,-0.012096596,0.07560654,0.03391665,0.0098538,0.037901737,-0.053754695,-0.04478954,0.06967493,-0.01988046,0.029634405,0.009050151,0.00567401,0.07997563,-0.042379685,0.045708828,-0.013110708,0.04317328,0.0037663109,0.031711426,-0.0160474,-0.007104087,-0.006242484,-0.039645027,0.009797948,0.0063207876,0.014541616,0.057794783,-0.09636831,0.0699343,0.03937575,0.06434691,-0.025540257,0.0833632,-0.012131475,-0.0070540663,0.075944655,-0.058367405,-0.06450001,0.06623792,-0.030337812,0.08930392,-0.038196843,0.05736024,0.008194784,-0.07445052,0.020073041,-0.06995352,0.0049641887,-0.057059497,-0.0037715323,-0.03291784,-0.004788098,0.049348496,-0.045123544,-0.049818266,-0.008129324,0.12947439,0.046813235,-0.058729243,-0.025583219,0.04452258,-0.029953139,-0.05269169,0.08382301,0.024908405,0.0721601,0.083954036,-0.06067517,0.01681377,-0.029309137,-0.01292545,0.036200766,-0.014781321,0.06686263,0.022660222,-0.06853017,-0.04003729,-0.06931522,-0.14290945,-0.013064885,-0.04800702,-0.034740813,0.016763462,0.0346843,0.050900638,0.025592685,-0.04100313,0.004756821,-0.0907926,0.029683992,0.081140034,-0.0020707292,1.3073879e-32,-0.009792892,-0.047358785,-0.031867333,0.00023250673,-0.020761015,0.0070609506,-0.10257132,0.026529005,-0.00059596566,0.08312154,-0.022114582,0.022490233,-0.02581224,-0.019337699,0.10119822,0.044236206,-0.031240286,0.041509632,0.010388383,0.008922977,-0.023595631,0.006547238,0.058243502,-0.023715537,0.06061769,0.03654498,-0.074658915,-0.054885227,0.033419415,0.016049877,0.07735111,-0.031535584,-0.022646185,-0.019515548,-0.023669165,0.06851443,0.024768526,0.0038712856,-0.022226099,-0.005508279,-0.027701808,-0.04185927,0.0149536235,0.011599952,0.016010808,0.015852224,0.06513088,-0.060218386,0.07151921,0.14151283,-0.057757027,-0.052105665,-0.06205305,-0.05657864,-0.014715605,0.0174068,-0.046486534,0.022325393,-0.043315265,-0.07406525,-0.019008337,-0.01521378,-0.016038254,-0.10581895,-0.056915764,0.033153143,-0.017412437,0.028356597,0.08277875,0.063381076,0.030409602,-0.017774483,-0.07591875,0.08384428,0.029974783,0.035951033,0.062662214,0.05963753,-0.06336348,0.04088959,-0.0657829,-0.047306806,0.041414674,0.029865926,0.022984654,0.091584444,0.097658746,-0.0187175,0.010847871,0.020759983,-0.040642537,0.074967116,-0.013074255,-0.004462477,0.07350336,-1.5318866e-32,-0.018615903,0.013208361,-0.0927465,-0.020795625,-0.007994233,-0.06470504,-0.07919781,0.04181835,0.051949415,-0.027968405,-0.08970639,-0.031589583,0.1015194,-0.017275566,-0.023005567,0.014799612,-0.003150065,-0.050343294,-0.0042293835,-0.0126468595,0.0042630415,0.040281165,-0.012517846,0.04296525,0.01073532,-0.004356309,-0.08017858,-0.07323385,-0.035783645,-0.040754262,0.011895636,-0.064636216,0.019023541,0.04565197,-0.104785934,0.010324341,-0.038830426,0.029843397,-0.020805813,0.04965066,-0.015246238,0.088860005,-0.06957492,-0.09029778,-0.0282487,-0.070753194,0.033469345,0.0008676118,-0.010372272,-0.010865342,0.003560032,0.027212102,-0.041159738,0.024880458,0.0031508694,0.038953852,0.07854157,-0.06338088,-0.119082384,0.022650193,-0.030311957,0.03929206,-0.03278293,0.03799584,0.096323885,-0.064996995,-0.028187465,-0.022340259,-0.04568131,-0.012998583,0.070125684,-0.027770586,-0.11792483,0.004558434,-0.08719034,0.020418163,-0.030548656,0.044884216,-0.02357137,-0.060728718,-0.08515475,0.024916036,0.023310237,0.023403151,-0.09808833,0.022763006,0.042246144,-0.02648863,0.006205505,0.0034307914,-0.05197452,0.02204856,-0.04953473,0.053396218,-0.0409487,-6.170895e-08,-0.02204007,-0.0019032313,-0.004017921,0.034134362,0.04619899,0.0045990883,-0.041751478,0.07579938,-0.01803379,-0.013622475,0.011084974,0.005472109,-0.09349013,-0.10145276,0.004124085,-0.038347192,0.02040522,0.0047777398,-0.06997535,0.024106428,0.11204412,-0.049828764,-0.046374816,-0.049808208,-0.05529836,-0.0027909214,0.020276701,0.08748603,0.033493422,-0.008557846,-0.017797517,0.04162291,-0.01648959,-0.0966957,0.025386637,0.021792786,-0.024519354,0.016755853,-0.057576038,0.017825393,0.023315655,-0.10531594,-0.085298136,0.0023151648,-0.017409388,-0.07945802,-0.035869405,0.011123021,0.10717548,-0.039452437,-0.022100847,-0.032830458,0.0037342068,0.046633303,0.04921021,-0.08768106,0.026497789,0.05795156,0.0063132076,-0.060475826,0.100872695,0.016564446,-0.016594341,-0.010294687]","{""model"": ""all-MiniLM-L6-v2"", ""topic"": ""temporal_patterns_clustering"", ""source"": ""creditcard_7e30850a"", ""provider"": ""sentence_transformer"", ""strategy"": ""csv_row"", ""char_count"": 496, ""chunk_type"": ""metadata_patterns_clusters"", ""created_at"": ""2025-10-20T17:52:59.190496"", ""dimensions"": 384, ""word_count"": 67, ""chunk_index"": 5, ""source_type"": ""csv"", ""raw_dimensions"": 384, ""processing_time"": 0.07172340000033728}",2025-10-20 20:52:59.462418+00
788e133c-5c81-4c74-870c-ae5affccc07c,"ANÁLISE ESTATÍSTICA: TENDÊNCIA CENTRAL E VARIABILIDADE - DATASET: CREDITCARD_7E30850A

MEDIDAS DE TENDÊNCIA CENTRAL:
COLUNA | MÉDIA | MEDIANA | MODA
------------------------------------------------------------
V1 | N/A | N/A | N/A
V2 | N/A | N/A | N/A
V3 | N/A | N/A | N/A
V4 | N/A | N/A | N/A
V5 | N/A | N/A | N/A
V6 | N/A | N/A | N/A
V7 | N/A | N/A | N/A
V8 | N/A | N/A | N/A
V9 | N/A | N/A | N/A
V10 | N/A | N/A | N/A
V11 | N/A | N/A | N/A
V12 | N/A | N/A | N/A
V13 | N/A | N/A | N/A
V14 | N/A | N/A | N/A
V15 | N/A | N/A | N/A
V16 | N/A | N/A | N/A
V17 | N/A | N/A | N/A
V18 | N/A | N/A | N/A
V19 | N/A | N/A | N/A
V20 | N/A | N/A | N/A
V21 | N/A | N/A | N/A
V22 | N/A | N/A | N/A
V23 | N/A | N/A | N/A
V24 | N/A | N/A | N/A
V25 | N/A | N/A | N/A
V26 | N/A | N/A | N/A
V27 | N/A | N/A | N/A
V28 | N/A | N/A | N/A
Amount | N/A | N/A | N/A


MEDIDAS DE VARIABILIDADE:
COLUNA | DESVIO PADRÃO | VARIÂNCIA | IQR (Intervalo Interquartil)
--------------------------------------------------------------------------------
V1 | N/A | N/A | 2.24
V2 | N/A | N/A | 1.40
V3 | N/A | N/A | 1.92
V4 | N/A | N/A | 1.59
V5 | N/A | N/A | 1.30
V6 | N/A | N/A | 1.17
V7 | N/A | N/A | 1.12
V8 | N/A | N/A | 0.54
V9 | N/A | N/A | 1.24
V10 | N/A | N/A | 0.99
V11 | N/A | N/A | 1.50
V12 | N/A | N/A | 1.02
V13 | N/A | N/A | 1.31
V14 | N/A | N/A | 0.92
V15 | N/A | N/A | 1.23
V16 | N/A | N/A | 0.99
V17 | N/A | N/A | 0.88
V18 | N/A | N/A | 1.00
V19 | N/A | N/A | 0.92
V20 | N/A | N/A | 0.34
V21 | N/A | N/A | 0.41
V22 | N/A | N/A | 1.07
V23 | N/A | N/A | 0.31
V24 | N/A | N/A | 0.79
V25 | N/A | N/A | 0.67
V26 | N/A | N/A | 0.57
V27 | N/A | N/A | 0.16
V28 | N/A | N/A | 0.13
Amount | N/A | N/A | 71.56


Este chunk contém todas as medidas de tendência central (média, mediana, moda) e variabilidade (desvio padrão, variância, IQR) extraídas dinamicamente pelo metadata_extractor.
","[-0.014866937,0.0052682366,-0.0510341,-0.038127426,-0.018083518,-0.03907396,-0.113727316,0.08711153,0.06147282,-0.062208664,0.1003325,-0.03723034,-0.055366132,-0.03469238,-0.07564786,-0.045065086,-0.0497169,-0.024820654,0.032086123,0.037070982,0.020601757,0.001443331,-0.03217311,0.007793552,0.032505687,0.04512583,-0.0016743236,0.09508456,0.0034166647,-0.12753966,0.01755667,0.09963036,0.12846242,-0.014623444,-0.0020986898,-0.044823606,0.01863097,-0.076479524,0.042210776,0.032912534,-0.07130541,-0.048751507,0.03575555,-0.045600086,0.023134308,-0.0044575017,-0.038523696,0.06853737,-0.014079849,0.03911176,-0.043564253,-0.011792344,-0.088504784,-0.0029887678,-0.04886962,-0.012329174,-0.03844281,-0.073045515,0.10494416,0.052498557,0.0781776,0.05781952,-0.023151945,0.049641058,0.038760602,-0.0018343494,0.037371073,-0.0100625595,-0.06580533,-0.012257172,0.07455529,-0.08520975,-0.014727187,-0.0036158392,0.0035068262,0.04405816,-0.02233005,-0.031096445,-0.040821165,-0.07423826,-0.045113035,-0.031811297,-0.038941793,-0.037490305,0.009310441,-0.019815844,0.023233738,-0.004950398,0.025686566,-0.054676596,0.0037953022,0.098022126,-0.020677151,-0.06302921,0.015737047,0.09973538,0.003243148,-0.00889464,0.055045538,0.057998158,0.08220416,0.08805967,-0.051500745,-0.081156716,-0.07915604,-0.009066389,0.042815667,0.075301856,0.014424639,-0.02964111,-0.089753434,0.03116984,-0.065190166,-0.083613,-0.07319056,-0.03134963,0.010858926,-0.04871958,-0.0081967395,0.075367495,0.06866036,-0.08472112,-0.022099249,0.005097376,0.03668608,0.042468403,0.0020753033,-1.2269701e-33,-0.027861122,-0.048443373,0.021495014,-0.01069664,-0.04911409,0.016152045,-0.058787886,-0.03761923,-0.006763921,0.049179617,-0.074077435,0.030214623,-0.10647541,-0.08210884,0.101598985,-0.009232,0.009684136,-0.009940623,-0.08277116,-0.024283255,-0.0044294186,-0.061611284,0.05201164,0.047045022,0.05272577,0.020507142,0.04060564,-0.044124022,-0.018863346,0.013975507,0.06670381,0.016507141,-0.05290973,-0.00029218517,-0.034736272,0.0040563666,0.0013536747,0.034050856,0.0057241134,0.08877251,0.028505763,0.057178803,-0.0070560635,-0.008645692,0.011156301,-0.032141313,0.0050563635,-0.011621241,0.08282772,0.049917698,-0.10102854,-0.068810865,0.024378007,-0.022747798,0.0150575135,0.06964685,-0.074459895,0.056622688,-0.058382556,-0.03690616,-0.049446013,-0.011211881,-0.010541707,-0.018922037,-0.027532494,0.091939025,-0.022648744,-0.02223485,0.090569876,0.047902387,-0.0031876399,-0.021430988,0.042536043,0.031755667,0.035490405,-0.035046652,-0.04406033,0.06374655,-0.031698402,-0.02593916,-0.10161092,0.068675585,-0.032630935,0.039728086,0.01692176,0.09764229,0.03508047,-0.015507656,-0.081903495,-0.023155771,-0.04610877,0.03187401,-0.016225774,-0.09843239,0.07158207,-3.2744842e-33,-0.016617341,0.022921046,0.046573147,0.067483865,0.008609931,-0.08060121,-0.05766244,0.024803879,-0.0055184136,0.0074675647,0.030684989,0.007232282,-0.00053120824,-0.049798865,0.01044854,0.119338594,0.04482078,-0.07404335,-0.0052385833,-0.04378687,-0.012843052,0.05568363,0.044006597,0.04440281,-0.0105660055,0.009511396,-0.09226287,-0.040490553,-0.01830934,-0.05260838,-0.07589961,-0.011384577,-0.0017214864,0.10642866,-0.08625316,-0.03717,0.0031833022,0.06984881,-0.008074384,0.0814671,0.022009471,0.065864764,-0.033445433,-0.049861144,-0.009559592,-0.035311624,0.116035,-0.03996764,0.05538695,-0.06540657,0.052896246,-0.0003479885,-0.05175563,0.063563175,0.0033656328,0.049472496,0.05347795,-0.04765104,-0.13899116,-0.025722355,0.05602068,0.05122921,-0.01689071,-0.048650745,0.047207378,-0.025733892,-0.061888337,-0.061771516,0.0061026616,-0.02744575,0.09311555,-0.00088154234,-0.0035852268,-0.006762795,0.001084257,-0.061578013,-0.07712769,-0.003078813,0.01526043,-0.0379206,-0.09144496,0.0015226011,0.00140008,-0.014648792,-0.044469673,0.030493703,0.017278532,-0.09679898,0.017703278,0.07686947,-0.046764832,0.060081672,-0.002837332,-0.04971174,-0.049606305,-5.4817207e-08,0.01050124,-0.049719296,-0.036985878,0.029927267,0.08573758,0.03237076,-0.022357572,0.027564801,0.0365391,-0.051104244,0.0702708,0.0014679739,-0.017737059,0.0040375856,-0.07768625,-0.03760498,0.021053953,0.0713484,-0.09274302,0.0019523422,0.024062706,0.0028897708,-0.020349476,-0.013576079,0.026822107,-0.023169022,-0.03772677,0.018358067,0.042139754,0.0012332618,-0.0015600529,0.0010548803,0.08635997,-0.10766764,-0.051913798,0.05260689,0.05469847,0.040160205,-0.08396326,-0.008412105,0.06386574,-0.06754873,-0.15385811,-0.0004973535,0.0600597,-0.052455258,-0.01395309,-0.017951507,0.07155109,-0.026457379,0.023363763,-0.061111543,0.005631933,0.033414077,0.018344315,-0.103635445,0.041581042,0.027499998,-0.005147699,-0.080296434,0.04139967,-0.0093866745,0.0010385923,-0.019364629]","{""model"": ""all-MiniLM-L6-v2"", ""topic"": ""central_tendency_variability"", ""source"": ""creditcard_7e30850a"", ""provider"": ""sentence_transformer"", ""strategy"": ""csv_row"", ""char_count"": 1857, ""chunk_type"": ""metadata_central_variability"", ""created_at"": ""2025-10-20T17:52:59.189495"", ""dimensions"": 384, ""word_count"": 463, ""chunk_index"": 2, ""source_type"": ""csv"", ""raw_dimensions"": 384, ""processing_time"": 0.132399300000543}",2025-10-20 20:52:59.462418+00
f97bc5bf-cd25-4c85-87d0-b8ca7f8a17ca,"ANÁLISE DE TIPOLOGIA E ESTRUTURA - DATASET: CREDITCARD_7E30850A

ESTRUTURA GERAL:
- Total de registros: 284,807
- Total de colunas: 31
- Colunas numéricas: 29
- Colunas categóricas: 1
- Colunas temporais: 1
- Tamanho do arquivo: 144.11 MB

COLUNAS NUMÉRICAS (29):
  • V1 (float64, semantic: numeric_id)
  • V2 (float64, semantic: numeric_id)
  • V3 (float64, semantic: numeric_id)
  • V4 (float64, semantic: numeric_id)
  • V5 (float64, semantic: numeric_id)
  • V6 (float64, semantic: numeric_id)
  • V7 (float64, semantic: numeric_id)
  • V8 (float64, semantic: numeric_id)
  • V9 (float64, semantic: numeric_id)
  • V10 (float64, semantic: numeric_id)
  • V11 (float64, semantic: numeric_id)
  • V12 (float64, semantic: numeric_id)
  • V13 (float64, semantic: numeric_id)
  • V14 (float64, semantic: numeric_id)
  • V15 (float64, semantic: numeric_id)
  • V16 (float64, semantic: numeric_id)
  • V17 (float64, semantic: numeric_id)
  • V18 (float64, semantic: numeric_id)
  • V19 (float64, semantic: numeric_id)
  • V20 (float64, semantic: numeric_id)
  • V21 (float64, semantic: numeric_id)
  • V22 (float64, semantic: numeric_id)
  • V23 (float64, semantic: numeric_id)
  • V24 (float64, semantic: numeric_id)
  • V25 (float64, semantic: numeric_id)
  • V26 (float64, semantic: numeric_id)
  • V27 (float64, semantic: numeric_id)
  • V28 (float64, semantic: numeric_id)
  • Amount (float64, semantic: numeric)

COLUNAS CATEGÓRICAS (1):
  • Class (2 valores únicos, semantic: categorical_binary)

COLUNAS TEMPORAIS (1):
  • Time (semantic: temporal)

Este chunk contém informações completas sobre a tipologia e estrutura das colunas do dataset, extraídas dinamicamente pelo metadata_extractor.
